53910
66860
75747
65975
73052
78450
79913
77562
65211
79865
72092
54151
54428
74128
76933
64261
54706
70863
63390
79573
77944
53435
67619
64422
63228
73003
68262
69788
66993
69681
54710
71296
75300
53807
70410
70612
73051
75459
64387
81029
67625
76185
65947
76111
55120
76303
76427
81170
68267
81069
66188
72138
72139
63306
72522
76259
54440
72433
75296
70824
66007
72283
54457
64609
55437
66023
78765
73008
72098
71571
74018
64351
78945
75594
50903
77426
76265
53691
70790
76954
69844
76465
75761
79139
79429
69666
79782
54101
66849
81109
64406
51172
79571
78006
53806
65252
72200
64550
72554
69921
72164
75885
70642
70711
77941
51492
78360
71605
72418