1
359
422
354
1234
347
336
341
1471
364
372
1475
633
603
358
948
377
361
346
360
340
339
1428
352
1374
338
350
345
351
381
596
519
403
408
378
371
343
363
344
362
355
348
349
356
400
409
423
406
386
385
374
1544
388
424
419
395
398
418
600
457
433
417
428
387
384
410
393
401
391
369
412
425
459
632
1211
421
405
402
404
397
394
396
413
382
380
383
376
342
379
437
439
443
463
446
451
435
440
987
448
447
449
436
420
461
501
465
426
427
476
458
833
462
472
453
464
441
508
493
505
1284
450
367
510
467
456
466
438
452
442
431
445
411
469
444
552
492
514
482
499
489
502
480
475
504
471
524
509
506
481
496
507
468
390
368
497
485
539
557
531
543
536
542
494
498
487
491
512
515
513
484
488
490
495
500
479
473
474
432
554
518
558
553
590
517
541
544
545
538
526
525
569
546
550
392
527
697
599
583
534
407
548
530
521
555
566
571
602
587
582
564
565
575
561
556
547
540
549
551
537
529
523
532
588
612
621
563
593
585
535
567
595
576
570
647
574
573
601
611
591
604
589
597
639
586
579
625
560
568
399
366
620
630
631
638
628
617
608
622
614
606
580
592
584
572
511
503
353
581
696
649
691
629
642
646
651
644
645
594
615
619
682
664
641
657
643
640
656
636
1305
634
663
627
607
618
613
430
661
683
679
677
653
666
659
648
626
609
623
610
680
685
670
660
637
723
716
665
654
728
701
704
662
678
698
727
681
726
729
709
715
693
706
688
674
724
667
668
616
416
335
721
720
713
718
687
658
655
669
671
605
486
690
692
719
725
702
707
357
714
773
777
791
772
711
717
789
483
849
710
770
700
703
763
528
765
478
767
768
769
771
759
758
784
776
757
779
780
781
760
722
712
766
764
761
753
754
782
783
785
786
788
790
792
774
805
801
756
821
793
794
795
796
803
799
800
802
839
806
807
809
810
811
812
813
814
815
816
808
819
820
822
823
824
825
831
798
797
752
778
762
787
775
826
827
828
375
834
835
836
837
830
804
818
832
840
434
842
843
844
845
846
877
848
851
852
847
854
855
856
857
858
875
860
861
862
863
882
868
866
859
871
883
874
853
869
867
841
838
850
865
907
870
878
879
880
884
886
873
881
864
887
888
889
890
891
892
893
894
895
913
897
898
899
914
901
902
903
904
905
906
896
908
909
910
911
912
916
917
918
919
920
876
885
921
923
924
925
926
900
930
931
932
915
922
949
958
933
937
934
939
940
941
942
943
945
975
967
953
952
954
971
955
956
965
927
960
935
946
963
964
968
969
970
972
966
950
957
944
938
973
974
976
977
978
979
980
1002
982
981
755
989
999
993
1028
951
983
994
1003
998
1013
1000
1001
1004
1005
1006
1007
1008
1009
1010
1011
1012
991
1014
1015
1016
1017
1019
1020
1021
985
990
986
984
995
962
936
1022
1023
1024
1026
1027
997
992
1049
1029
1030
1031
1032
1033
1034
1035
1037
1074
1040
1064
1038
1044
1045
1025
1047
1057
1051
1063
1052
1053
1069
1036
1056
1055
1060
1062
1041
1065
988
1067
1059
1054
1058
1039
996
1068
1043
1070
1071
1072
1075
1050
1048
1046
1076
1077
1078
1079
1080
1081
1082
1083
1084
1085
1086
1088
1089
1090
1091
1092
1093
1094
1095
1096
1097
1098
1111
1105
1107
1108
1109
1112
1113
1116
1117
1114
1102
1106
1101
1104
1087
1061
1073
1103
1139
1119
1165
1121
1122
1123
1110
1124
1126
1127
1143
1129
1125
1170
1135
1131
1137
1141
1142
1145
1146
1147
1148
1149
1150
1151
1152
1153
1154
1138
1156
1157
1158
1159
1160
1161
1162
1163
1164
1166
1140
1134
1132
1128
1118
1100
1167
1168
1169
1207
1130
1136
1177
1172
415
1171
1209
1176
1133
1178
1179
1180
1181
1182
1194
1184
1185
1186
1187
1188
1189
1190
1191
1192
1193
1195
1196
1197
1198
1199
1200
1201
1202
1212
1214
1213
1206
1210
1174
1175
1173
1204
1215
1231
1203
1229
1228
522
1253
1222
1223
1224
1225
1226
1227
1230
1232
1235
1239
1240
1242
1243
1265
1245
1247
1248
1249
1250
1251
1252
1254
1255
1256
1257
1258
1237
1261
1263
1233
1246
1241
1238
1220
1221
1208
1218
1219
1259
1244
1266
1311
1267
1270
1272
1273
1301
1300
1277
1264
1279
1280
1281
1282
1283
1275
1285
1286
1287
1288
1289
1290
1291
1292
1293
1294
1295
1296
1297
1298
1299
1312
1310
1304
817
1307
1269
1271
1306
1268
1274
1308
1303
1317
1309
1341
1314
1315
1344
1318
1319
1320
1351
1323
1324
1326
1313
1328
1329
1330
1331
1333
1334
1335
1337
1338
1339
1336
1342
1332
1347
1348
1349
1346
1343
1352
1354
1355
1356
1358
1359
1321
1350
1345
1353
1340
1357
1327
1302
1360
1362
1363
1364
1365
1366
1367
1368
1369
1370
1371
1372
1373
1403
1375
1376
1377
1378
1379
1380
1381
1382
1383
1384
1385
1386
1387
1388
1389
1390
1391
1392
1393
1394
1395
1396
1397
1399
1401
1404
1405
1406
1407
1402
1400
1408
1361
1409
1410
1411
1412
1413
1414
1415
1416
1417
1418
1419
1420
1421
1422
1423
1424
1425
1426
1433
1430
1429
1431
1432
1427
1434
1435
1436
1437
1438
1439
1440
1441
1442
1446
1451
1448
1449
1450
1452
1453
1454
1455
1456
1457
1458
1443
1447
1459
1462
1463
1464
1465
1466
1467
1468
1469
1470
1472
1473
1474
1476
1477
1478
1479
1480
1481
1482
1483
1484
1485
1486
1487
1488
1489
1490
1491
1492
1493
1494
1495
1496
1497
1498
1499
1500
1501
1502
1461
1460
1503
1504
1505
1506
1507
1508
1509
1510
1511
1512
1513
1514
1515
1516
1517
1518
1519
1520
1521
1522
1523
1524
1525
1526
1527
1528
1529
1530
1531
1532
1533
1534
1535
1536
1537
1538
1539
1540
1541
1542
1543
1545
1546
1547
1548
1549
1550
1551
1552
1553
1554
1555
1556
1557
1558
1559
1560
1561
1562
1563
1564
1565
1566
1567
1568
1569
1570
1571
1572
1573
1574
1575
1576
1577
1578
1579
1580
1581
1582
1583
1584
1585
1586
1587
1588
1589
1590
1591
1592
1593
1594
1595
1596
1597
1598
1599
1600
1601
1602
1603
1604
1605
1606
1607
1608
1609
1610
1611
1612
1613
1614
1615
1616
1617
1618
1619
1620
1621
1622
1623
1624
1625
1626
1627
1628
1629
1630
1632
1634
1635
1636
578
1325
1322
1633
1631
675
1120
1276
1445
1217
624
1099
872
961
1236
1155
1316
1183
699
694
676
1278
1262
1260
686
673
684
695
652
460
1018
929
337
829
1216
1444
1398
689
1205
562
1144
1115
1042
1066
516
470
705
947
959
928
370
1637
455
373
